1.159057742000000300e-02
2.081665491000000284e-02
3.048061936000000596e-02
4.036437345999999843e-02
5.036595309000001935e-02
6.034212785000001716e-02
7.027549805999999677e-02
8.021870673999999257e-02
9.019841460000005418e-02
1.001772258999999998e-01
1.101462675000000474e-01
1.201326751999999554e-01
1.301250570999999134e-01
1.401291904000000477e-01
1.501215793999999548e-01
1.601355668000000732e-01
1.701332005999999786e-01
1.801043408999999373e-01
1.900870809000000383e-01
2.000767340999999311e-01
