1.159057742000000300e-02 2.578436577491600037e+09
2.081665491000000284e-02 4.371253755515999794e+09
3.048061936000000596e-02 3.045214194967999935e+09
4.036437345999999843e-02 1.726854035971600056e+09
5.036595309000001935e-02 1.187579276806799889e+09
6.034212785000001716e-02 9.270249509556000233e+08
7.027549805999999677e-02 7.113677304335998297e+08
8.021870673999999257e-02 5.353098158427999616e+08
9.019841460000005418e-02 3.764484481335999966e+08
1.001772258999999998e-01 2.706758153488000631e+08
1.101462675000000474e-01 2.126750200072000623e+08
1.201326751999999554e-01 1.766660270756000280e+08
1.301250570999999134e-01 1.483450203528000116e+08
1.401291904000000477e-01 1.224433672915999889e+08
1.501215793999999548e-01 9.791005570560000837e+07
1.601355668000000732e-01 7.862773921119998395e+07
1.701332005999999786e-01 6.592129356880000234e+07
1.801043408999999373e-01 5.660462227520000935e+07
1.900870809000000383e-01 4.931099539479999989e+07
2.000767340999999311e-01 4.232253107560000569e+07
