1.159057742000000300e-02 -7.313077413587998152e+08
2.081665491000000284e-02 2.382586089425600052e+09
3.048061936000000596e-02 1.359449167653239965e+09
4.036437345999999843e-02 8.310906666555998325e+08
5.036595309000001935e-02 5.131185793068001270e+08
6.034212785000001716e-02 3.931366693517999649e+08
7.027549805999999677e-02 2.956373175907999873e+08
8.021870673999999257e-02 2.099365555906400084e+08
9.019841460000005418e-02 1.527343457786400020e+08
1.001772258999999998e-01 1.030053000718800128e+08
1.101462675000000474e-01 7.649823287815999985e+07
1.201326751999999554e-01 6.023034062020000070e+07
1.301250570999999134e-01 4.492069467843999714e+07
1.401291904000000477e-01 3.803345333159999549e+07
1.501215793999999548e-01 2.929010439136000350e+07
1.601355668000000732e-01 2.284029951147999987e+07
1.701332005999999786e-01 1.743893324159999564e+07
1.801043408999999373e-01 1.381900428739999793e+07
1.900870809000000383e-01 1.141917110136000067e+07
2.000767340999999311e-01 8.618864620300000533e+06
