1.159057742000000300e-02 5.153376781179998943e+04
2.081665491000000284e-02 5.413469160660000489e+04
3.048061936000000596e-02 4.462050381859998743e+04
4.036437345999999843e-02 3.437405927379999775e+04
5.036595309000001935e-02 2.799359299180000016e+04
6.034212785000001716e-02 2.450923378579999553e+04
7.027549805999999677e-02 2.163880755979999958e+04
8.021870673999999257e-02 1.849275633859999289e+04
9.019841460000005418e-02 1.531047872220000136e+04
1.001772258999999998e-01 1.280726170500000080e+04
1.101462675000000474e-01 1.127475296139999955e+04
1.201326751999999554e-01 1.031268593259999943e+04
1.301250570999999134e-01 9.491781628200000341e+03
1.401291904000000477e-01 8.557208933359997900e+03
1.501215793999999548e-01 7.584464708999999857e+03
1.601355668000000732e-01 6.748276776360000440e+03
1.701332005999999786e-01 6.128483991679997416e+03
1.801043408999999373e-01 5.676365036080000209e+03
1.900870809000000383e-01 5.304791578120000850e+03
2.000767340999999311e-01 4.917553831600001104e+03
