1.159057742000000300e-02 2.292060145564000049e+04
2.081665491000000284e-02 2.705108971280000333e+04
3.048061936000000596e-02 2.165825759400000243e+04
4.036437345999999843e-02 1.594532719560000260e+04
5.036595309000001935e-02 1.276152880399999594e+04
6.034212785000001716e-02 1.114629683947999729e+04
7.027549805999999677e-02 9.582595903240000553e+03
8.021870673999999257e-02 7.907746510920001128e+03
9.019841460000005418e-02 6.713583906000001662e+03
1.001772258999999998e-01 5.561367450719999397e+03
1.101462675000000474e-01 4.818425220040000568e+03
1.201326751999999554e-01 4.242159942199999932e+03
1.301250570999999134e-01 3.646611104520000026e+03
1.401291904000000477e-01 3.263356866080000145e+03
1.501215793999999548e-01 2.899673161119999804e+03
1.601355668000000732e-01 2.543318615120000231e+03
1.701332005999999786e-01 2.238837594239999817e+03
1.801043408999999373e-01 1.964879977200000440e+03
1.900870809000000383e-01 1.750694427799999858e+03
2.000767340999999311e-01 1.526115585879999799e+03
